[('num', SimpleImputer(),       Order        PID  MS SubClass  Lot Frontage  Lot Area  ...  Screen Porch  Pool Area  Misc Val  Mo Sold  Yr Sold
2078   2079  905426010           20      84.00000     12615  ...             0          0         0        6     2007
2038   2039  903458020           75      60.00000      7200  ...             0          0         0        3     2007
1383   1384  905107380           20      69.22459      9981  ...             0          0         0        3     2008
2300   2301  923275010           20      69.22459     11000  ...            88          0         0        6     2007
1942   1943  535353160           50      60.00000     14190  ...             0          0         0        4     2007
...     ...        ...          ...           ...       ...  ...           ...        ...       ...      ...      ...
2458   2459  528439030           20      73.00000      8688  ...             0          0         0        4     2006
1581   1582  916402215           20      93.00000     18265  ...             0          0         0        3     2008
1631   1632  527182040          120      69.22459      3696  ...             0          0         0       10     2007
1839   1840  533208030          120      30.00000      5330  ...             0          0         0        7     2007
1225   1226  534477090           20      80.00000      9600  ...             0          0         0        9     2008

[1641 rows x 38 columns]), ('cat', Pipeline(steps=[('impute', SimpleImputer(strategy='most_frequent')),
                ('One-Hot', OneHotEncoder(handle_unknown='ignore'))]), Empty DataFrame
Columns: []
Index: [2078, 2038, 1383, 2300, 1942, 2403, 2049, 1421, 2535, 2920, 1148, 1048, 2249, 2319, 2429, 1928, 2480, 2919, 2775, 1633, 2095, 370, 1728, 2571, 342, 2760, 1364, 1508, 2160, 1611, 836, 506, 1505, 1812, 1207, 1096, 2430, 870, 92, 958, 365, 63, 280, 2393, 970, 463, 1996, 885, 2457, 2219, 1744, 1569, 1348, 2600, 1044, 583, 1722, 687, 882, 2804, 1004, 2900, 2155, 1871, 541, 857, 654, 605, 273, 2113, 1055, 405, 884, 924, 2836, 2622, 1403, 194, 1080, 4, 1117, 842, 2756, 1715, 472, 2806, 553, 1793, 375, 518, 1598, 2875, 608, 382, 262, 2301, 347, 830, 793, 767, ...]

[1641 rows x 0 columns])]